Region,Casos  totales  acumulados,Casos  nuevos  totales,Casos  nuevos  con  sintomas,Casos  nuevos  sin  sintomas*,Fallecidos,%  Total
Arica  y  Parinacota,308,1,1,0,4,1.57%
Tarapaca,272,60,54,6,1,1.38%
Antofagasta,740,61,45,16,7,3.76%
Atacama,67,8,8,0,0,0.34%
Coquimbo,88,10,5,5,0,0.45%
Valparaiso,638,24,23,1,13,3.24%
Metropolitana,12656,995,912,83,135,64.36%
O'Higgins,125,5,4,1,3,0.64%
Maule,397,1,1,0,13,2.02%
Nuble,786,10,7,3,16,4.00%
Biobio,759,8,7,1,7,3.86%
Araucania,1328,14,14,0,36,6.75%
Los  Rios,198,2,2,0,4,1.01%
Los  Lagos,517,4,4,0,10,2.63%
Aysen,7,0,0,0,0,0.04%
Magallanes,777,25,25,0,11,3.95%
Total,19663,1228,1112,116,260,100%
