Region,Casos  totales  acumulados,Casos  nuevos  totales,Casos  nuevos  con  sintomas,Casos  nuevos  sin  sintomas*,Fallecidos,%  Total
Arica  y  Parinacota,541,19,17,2,7,0.66%
Tarapaca,1811,74,70,4,11,2.20%
Antofagasta,2137,74,65,9,25,2.60%
Atacama,197,9,8,1,0,0.24%
Coquimbo,455,71,64,7,2,0.55%
Valparaiso,2576,121,111,10,58,3.13%
Metropolitana,66011,3726,3421,305,595,80.22%
O'Higgins,691,37,24,13,14,0.84%
Maule,1066,53,52,1,15,1.30%
Nuble,1174,27,24,3,22,1.43%
Biobio,1565,63,54,9,10,1.90%
Araucania,1916,33,26,7,45,2.33%
Los  Rios,309,5,5,0,6,0.38%
Los  Lagos,791,10,10,0,13,0.96%
Aysen,12,0,0,0,0,0.01%
Magallanes,1037,6,5,1,18,1.26%
Total,82289,4328,3956,372,841,100%
